    1:2:12;20;18;15;0;7;6;4;
    1:5:12;20;18;11;0;6;5;3;
    1:9:4;10;7;6;0;1;0;0;
    1:9:8;17;14;8;0;3;2;1;
    1:9:9;18;16;7;0;4;3;2;
    1:10:5;9;6;2;0;2;1;0;
    1:10:12;2;2;2;0;1;0;0;
    1:11:11;19;16;10;0;5;3;1;
    1:11:12;23;20;16;0;7;6;5;
    1:12:4;2;2;2;0;0;1;0;
    1:14:5;4;2;1;0;1;0;0;
    1:15:5;20;18;10;0;5;3;1;
    1:16:5;18;16;9;0;5;4;4;
    1:20:7;24;21;6;0;8;7;2;
    1:20:8;22;20;14;0;9;7;5;
    1:20:9;23;22;13;0;8;7;4;
    1:21:6;11;12;11;0;6;4;3;
    1:21:7;23;20;13;0;7;6;3;
    1:22:7;14;13;9;0;3;2;2;
    1:25:6;19;18;12;0;7;6;3;
    1:25:11;16;15;4;0;6;5;3;
    1:27:12;12;11;8;0;6;4;2;
    1:32:6;19;17;13;0;6;5;3;
    1:38:7;22;21;12;0;8;7;6;
    1:38:10;18;14;13;0;7;5;4;
    1:39:5;18;15;10;0;6;5;4;
    1:39:12;20;18;12;0;7;6;4;
    1:40:6;9;8;7;0;3;2;2;
    1:42:7;19;18;15;6;6;5;4;
    1:43:11;19;19;14;5;7;7;7;
    1:43:12;19;19;14;5;7;7;7;
    1:45:4;20;18;16;0;8;7;7;
    1:45:5;20;17;16;0;7;6;5;
    1:45:9;15;15;12;0;5;5;4;
    1:45:13;15;15;15;0;5;5;4;
    1:46:12;11;11;3;0;2;2;1;
    1:56:8;22;18;12;0;7;6;5;
    1:59:6;23;21;21;0;8;7;6;
    1:61:7;17;16;17;5;2;1;2;
    1:62:4;14;13;13;0;4;4;2;
    1:62:10;3;2;0;0;0;0;0;
    1:63:5;10;8;4;0;4;3;2;
    1:64:3;5;2;1;0;2;2;0;
    1:64:4;21;15;12;0;8;6;3;
    1:64:8;9;9;6;0;3;2;2;
    1:65:5;14;9;4;0;5;3;1;
    1:65:8;23;20;17;7;8;7;7;
    1:65:9;23;21;16;7;8;7;7;
    1:65:10;13;16;14;0;5;5;6;
    1:65:11;24;22;16;7;9;7;7;
    1:67:4;17;16;10;0;5;5;3;
    1:67:5;17;16;9;0;5;5;2;
    1:152:7;16;14;12;0;5;5;4;
    1:153:6;23;22;17;0;8;7;9;
    1:154:8;23;20;18;0;6;6;3;
    1:292:8;24;19;11;0;7;6;3;
    2:157:6;24;20;20;6;9;6;6;
    2:157:7;23;20;20;6;8;6;6;
    2:157:12;10;7;2;0;1;1;0;